"","state","seat","undi_keluar_peti","undi_dalam_peti","undi_tak_kembali","undi_tolak","majoriti","peratus_keluar","undi_rosak","pengundi_jumlah","pengundi_tidak_hadir","rosak_vs_keseluruhan","rosak_vs_majoriti","tidakhadir_vs_majoriti"
"1","Perlis","P.001 Padang Besar",37432,37280,152,780,1438,81.19999695,932,46098,8666,2.48984825817482,64.8122392211405,602.642559109875
"2","Perlis","P.002 Kangar",45703,45486,217,806,5603,81.69999695,1023,55940,10237,2.23836509638317,18.2580760306978,182.705693378547
"3","Perlis","P.003 Arau",40433,40290,143,690,4856,83.90000153,833,48191,7758,2.06019835283061,17.1540362438221,159.761120263591
"4","Kedah","P.004 Langkawi",35250,35131,119,604,8893,82.5999984741211,723,42675,7425,2.05106382978723,8.12998987968065,83.4926346564714
"5","Kedah","P.005 Jerlun",44822,44660,162,723,5866,82.8000030517578,885,54132,9310,1.97447681941904,15.0869416979202,158.711217183771
"6","Kedah","P.006 Kubang Pasu",61452,61104,348,770,13009,83.1999969482422,1118,73860,12408,1.81930612510577,8.594050272888,95.3801214543777
"7","Kedah","P.007 Padang Terap",39932,39777,155,854,1099,85.5999984741211,1009,46649,6717,2.52679555243915,91.810737033667,611.191992720655
"8","Kedah","P.008 Pokok Sena",71910,71619,291,869,5558,82.8000030517578,1160,86847,14937,1.61312752051175,20.8708168405901,268.747750989565
"9","Kedah","P.009 Alor Setar",65096,64812,284,881,15200,81.0999984741211,1165,80266,15170,1.78966449551432,7.66447368421053,99.8026315789474
"10","Kedah","P.010 Kuala Kedah",80555,80278,277,1111,13481,82.4000015258789,1388,97760,17205,1.72304636583701,10.295972108894,127.624063496773
"11","Kedah","P.011 Pendang",63371,63198,173,952,5808,84.5999984741211,1125,74906,11535,1.77525997696107,19.3698347107438,198.605371900826
"12","Kedah","P.012 Jerai",66920,66748,172,1012,539,83.6999969482422,1184,79952,13032,1.76927674835625,219.666048237477,2417.8107606679
"13","Kedah","P.013 Sik",42772,42657,115,729,5218,84.9000015258789,844,50379,7607,1.97325353034696,16.1747796090456,145.783825220391
"14","Kedah","P.014 Merbok",72708,72458,250,1108,10072,82.8000030517578,1358,87811,15103,1.86774495241239,13.482922954726,149.950357426529
"15","Kedah","P.015 Sungai Petani",93847,93423,424,889,21569,83.4000015258789,1313,112526,18679,1.39908574594819,6.08744030784923,86.6011405257545
"16","Kedah","P.016 Baling",92128,91900,228,1388,1074,85.9000015258789,1616,107250,15122,1.7540812782216,150.465549348231,1408.00744878957
"17","Kedah","P.017 Padang Serai",71157,70911,246,827,8813,83.9000015258789,1073,84811,13654,1.50793316188147,12.1751957335754,154.930216725292
"18","Kedah","P.018 Kulim-Bandar Baharu",55390,55237,153,894,4860,83.1999969482422,1047,66574,11184,1.89023289402419,21.5432098765432,230.123456790123
"19","Kelantan","P.019 Tumpat",88733,87987,746,1402,17500,80,2148,110916,22183,2.42074538221406,12.2742857142857,126.76
"20","Kelantan","P.020 Pengkalan Chepa",60862,60126,736,739,13232,80.69999695,1475,75417,14555,2.42351549406855,11.1472188633615,109.998488512696
"21","Kelantan","P.021 Kota Bharu",68306,67658,648,689,5869,77,1337,88709,20403,1.95736831317893,22.780712216732,347.640143124894
"22","Kelantan","P.022 Pasir Mas",55319,54783,536,1232,13075,77.69999695,1768,71195,15876,3.19600860463855,13.5219885277247,121.422562141491
"23","Kelantan","P.023 Rantau Panjang",49639,49198,441,825,6150,75.09999847,1266,66097,16458,2.55041398900058,20.5853658536585,267.609756097561
"24","Kelantan","P.024 Kubang Kerian",64867,64163,704,735,19369,79.09999847,1439,82006,17139,2.2183853114835,7.42939749083587,88.4867571893231
"25","Kelantan","P.025 Bachok",75945,75112,833,1148,3292,82,1981,92615,16670,2.60846665349924,60.176184690158,506.379100850547
"26","Kelantan","P.026 Ketereh",54404,53888,516,781,4626,83.40000153,1297,65232,10828,2.38401588118521,28.0371811500216,234.068309554691
"27","Kelantan","P.027 Tanah Merah",59598,59108,490,986,2929,81.40000153,1476,73216,13618,2.47659317426759,50.3926254694435,464.936838511437
"28","Kelantan","P.028 Pasir Puteh",69745,69073,672,923,1360,81.69999695,1595,85367,15622,2.28690228690229,117.279411764706,1148.67647058824
"29","Kelantan","P.029 Machang",56320,55824,496,801,2824,82.40000153,1297,68349,12029,2.30291193181818,45.9277620396601,425.956090651558
"30","Kelantan","P.030 Jeli",39627,39161,466,400,6647,83.5,866,47457,7830,2.18537865596689,13.0284338799458,117.797502632767
"31","Kelantan","P.031 Kuala Krai",56278,55848,430,861,7992,80,1291,70347,14069,2.29396922420839,16.1536536536537,176.038538538539
"32","Kelantan","P.032 Gua Musang",41206,40884,322,948,3913,78.5,1270,52491,11285,3.08207542590885,32.4559161768464,288.397648862765
"33","Terengganu","P.033 Besut",72323,71838,485,903,4599,83.5,1388,86614,14291,1.91916817609889,30.1804740160905,310.741465535986
"34","Terengganu","P.034 Setiu",73673,73222,451,1244,2802,85.40000153,1695,86268,12595,2.30070717902081,60.4925053533191,449.500356887937
"35","Terengganu","P.035 Kuala Nerus",73211,72832,379,727,8447,87.5,1106,83669,10458,1.51070194369699,13.0934059429383,123.807268852847
"36","Terengganu","P.036 Kuala Terengganu",87786,87350,436,767,14773,84.69999695,1203,103643,15857,1.37037796459572,8.14323427875178,107.337710688418
"37","Terengganu","P.037 Marang",92046,91710,336,1028,21954,87.69999695,1364,104955,12909,1.48186776177129,6.21299079894325,58.8002186389724
"38","Terengganu","P.038 Hulu Terengganu",63428,63217,211,871,2868,86.30000305,1082,73497,10069,1.70587122406508,37.7266387726639,351.080892608089
"39","Terengganu","P.039 Dungun",76706,76300,406,886,13119,84.80000305,1292,90455,13749,1.68435324485699,9.84831160911655,104.802195289275
"40","Terengganu","P.040 Kemaman",92007,91630,377,1126,2163,85.5,1503,107610,15603,1.63357135870097,69.4868238557559,721.359223300971
"41","Pulau Pinang","P.041 Kepala Batas",53127,53017,110,715,4736,87.80000305,825,60509,7382,1.55288271500367,17.4197635135135,155.869932432432
"42","Pulau Pinang","P.042 Tasek Gelugor",52890,52593,297,689,81,86.90000153,986,60863,7973,1.86424654944224,1217.28395061728,9843.20987654321
"43","Pulau Pinang","P.043 Bagan",60642,60550,92,463,43902,84.69999695,555,71596,10954,0.915207282081726,1.26417930845975,24.9510272880507
"44","Pulau Pinang","P.044 Permatang Pauh",70686,70486,200,658,15668,86.40000153,858,81812,11126,1.21381886087768,5.47612969109012,71.0109777891243
"45","Pulau Pinang","P.045 Bukit Mertajam",75977,75800,177,1109,52877,85.40000153,1286,88966,12989,1.69261750266528,2.43205930744936,24.564555477807
"46","Pulau Pinang","P.046 Batu Kawan",55479,55380,99,675,33553,84.80000305,774,65423,9944,1.39512247877575,2.3067981998629,29.6366941853188
"47","Pulau Pinang","P.047 Nibong Tebal",63199,63039,160,860,15817,86.09999847,1020,73401,10202,1.61394958780993,6.44875766580262,64.5002212809003
"48","Pulau Pinang","P.048 Bukit Bendera",60429,60218,211,512,40731,80.5,723,75067,14638,1.19644541528074,1.77506076452825,35.9382288674474
"49","Pulau Pinang","P.049 Tanjong",40130,40074,56,347,29599,80.90000153,403,49604,9474,1.0042362322452,1.36153248420555,32.0078381026386
"50","Pulau Pinang","P.050 Jelutong",64584,64386,198,720,38171,83.90000153,918,76977,12393,1.42140468227425,2.40496712163684,32.4670561420974
"51","Pulau Pinang","P.051 Bukit Gelugor",76489,76233,256,528,55951,83.5,784,91603,15114,1.02498398462524,1.40122607281371,27.0129220210541
"52","Pulau Pinang","P.052 Bayan Baru",75884,75611,273,762,37751,83.59999847,1035,90770,14886,1.36392388382268,2.74164922783502,39.4320680246881
"53","Pulau Pinang","P.053 Balik Pulau",50564,50407,157,631,6464,85.59999847,788,59070,8506,1.55842101099597,12.1905940594059,131.590346534653
"54","Perak","P.054 Gerik",28032,27906,126,595,5528,78.09999847,721,35892,7860,2.5720605022831,13.0426917510854,142.18523878437
"55","Perak","P.055 Lenggong",23719,23610,109,405,5773,79.69999695,514,29760,6041,2.16703908259201,8.90351636930539,104.642300363762
"56","Perak","P.056 Larut",40470,40342,128,722,4486,81.80000305,850,49474,9004,2.10032122559921,18.9478377173428,200.713330361123
"57","Perak","P.057 Parit Buntar",43347,43256,91,536,3098,83.59999847,627,51850,8503,1.44646688352135,20.2388637830859,274.467398321498
"58","Perak","P.058 Bagan Serai",48381,48120,261,865,172,81.59999847,1126,59290,10909,2.32735991401583,654.651162790698,6342.44186046512
"59","Perak","P.059 Bukit Gantang",57867,57624,243,761,4089,82.80000305,1004,69887,12020,1.73501304715987,24.5536806065053,293.959403277085
"60","Perak","P.060 Taiping",71297,70835,462,1092,27384,78.59999847,1554,90708,19411,2.17961485055472,5.67484662576687,70.8844580777096
"61","Perak","P.061 Padang Rengas",25698,25596,102,315,2548,82.90000153,417,30998,5300,1.62269437310297,16.3657770800628,208.006279434851
"62","Perak","P.062 Sungai Siput",43662,43540,122,814,5607,79.40000153,936,54989,11327,2.14374055242545,16.69341894061,202.015337970394
"63","Perak","P.063 Tambun",88920,87910,1010,960,5320,82.5,1970,107781,18861,2.21547458389564,37.0300751879699,354.53007518797
"64","Perak","P.064 Ipoh Timor",71726,71264,462,1023,42797,78.40000153,1485,91487,19761,2.07037894208516,3.46986938336799,46.1737972287777
"65","Perak","P.065 Ipoh Barat",66852,66380,472,878,45724,78.80000305,1350,84837,17985,2.01938610662359,2.95249759426122,39.3338290613245
"66","Perak","P.066 Batu Gajah",63804,63520,284,733,43868,78.40000153,1017,81382,17578,1.59394395335716,2.31831859214006,40.0702106318957
"67","Perak","P.067 Kuala Kangsar",30701,30567,134,511,731,83.09999847,645,36944,6243,2.1009087651868,88.2352941176471,854.035567715458
"68","Perak","P.068 Beruas",61617,61276,341,1009,27954,77.19999695,1350,79814,18197,2.19095379521885,4.82936252414681,65.0962295199256
"69","Perak","P.069 Parit",29547,29415,132,425,6320,82.30000305,557,35901,6354,1.88513216231766,8.81329113924051,100.537974683544
"70","Perak","P.070 Kampar",53567,53353,214,858,11801,77.09999847,1072,69477,15910,2.00123210185375,9.08397593424286,134.819083128548
"71","Perak","P.071 Gopeng",80532,80086,446,853,29778,81.19999695,1299,99177,18645,1.61302339442706,4.36228087850091,62.6133387064276
"72","Perak","P.072 Tapah",37113,36934,179,760,614,78.69999695,939,47157,10044,2.53011074286638,152.931596091205,1635.83061889251
"73","Perak","P.073 Pasir Salak",44508,44340,168,895,7712,81.40000153,1063,54678,10170,2.38833468140559,13.7837136929461,131.872406639004
"74","Perak","P.074 Lumut",55042,54726,316,1081,400,82,1397,67124,12082,2.53806184368301,349.25,3020.5
"75","Perak","P.075 Bagan Datuk",37796,37620,176,814,5073,79.90000153,990,47304,9508,2.61932479627474,19.5150798344175,187.42361521782
"76","Perak","P.076 Teluk Intan",54601,54397,204,742,11179,82.09999847,946,66505,11904,1.73256900056776,8.46229537525718,106.485374362644
"77","Perak","P.077 Tanjong Malim",55613,55348,265,1051,5358,81.19999695,1316,68488,12875,2.36635319080071,24.5614035087719,240.294886151549
"78","Pahang","P.078 Cameron Highlands",25326,25155,171,790,597,79,961,32058,6732,3.79451946616126,160.971524288107,1127.63819095477
"79","Pahang","P.079 Lipis",28666,28554,112,462,6569,81.19999695,574,35302,6636,2.00237214818949,8.73801187395342,101.019942152535
"80","Pahang","P.080 Raub",46971,46791,180,766,3159,81.40000153,946,57703,10732,2.01400864363118,29.9461855017411,339.727761949984
"81","Pahang","P.081 Jerantut",51414,51190,224,941,5908,80.80000305,1165,63631,12217,2.26591978838449,19.7190250507786,206.78740690589
"82","Pahang","P.082 Indera Mahkota",64612,64343,269,622,10950,83.69999695,891,77194,12582,1.37900080480406,8.13698630136986,114.904109589041
"83","Pahang","P.083 Kuantan",52167,51968,199,798,8111,83.19999695,997,62700,10533,1.91116989667798,12.2919492047836,129.860683023055
"84","Pahang","P.084 Paya Besar",44942,44771,171,671,5742,81.5,842,55143,10201,1.87352587779805,14.6638801811216,177.655869035179
"85","Pahang","P.085 Pekan",72308,72007,301,1393,24859,81.30000305,1694,88939,16631,2.34275598827239,6.81443340440082,66.9013234643389
"86","Pahang","P.086 Maran",33363,33207,156,482,3763,81.30000305,638,41036,7673,1.91229805473129,16.9545575338825,203.906457613606
"87","Pahang","P.087 Kuala Krau",39102,38924,178,613,2876,82.69999695,791,47281,8179,2.02291442892947,27.5034770514604,284.388038942976
"88","Pahang","P.088 Temerloh",62204,61915,289,865,1904,82.80000305,1154,75125,12921,1.85518616166163,60.609243697479,678.623949579832
"89","Pahang","P.089 Bentong",56173,55889,284,783,2032,83.40000153,1067,67353,11180,1.89948907838285,52.509842519685,550.196850393701
"90","Pahang","P.090 Bera",48339,48072,267,767,2311,82.30000305,1034,58735,10396,2.13905955853452,44.7425356988317,449.848550411077
"91","Pahang","P.091 Rompin",50905,50654,251,917,11395,82.19999695,1168,61928,11023,2.29447009134663,10.2501096972356,96.7354102676613
"92","Selangor","P.092 Sabak Bernam",34023,33915,108,565,1674,83.30000305,673,40843,6820,1.9780736560562,40.2031063321386,407.407407407407
"93","Selangor","P.093 Sungai Besar",41878,41770,108,564,714,85.90000153,672,48752,6874,1.60466115860356,94.1176470588235,962.745098039216
"94","Selangor","P.094 Hulu Selangor",86798,86531,267,1310,13391,85.90000153,1577,101045,14247,1.81686213968064,11.7765663505339,106.392353072959
"95","Selangor","P.095 Tanjong Karang",41184,41029,155,531,1970,87.30000305,686,47175,5991,1.66569541569542,34.8223350253807,304.111675126904
"96","Selangor","P.096 Kuala Selangor",60843,60717,126,996,8498,87.69999695,1122,69376,8533,1.84409052808047,13.2031066133208,100.411861614498
"97","Selangor","P.097 Selayang",99450,98955,495,953,40657,85.59999847,1448,116179,16729,1.45600804424334,3.56150232432299,41.1466660107731
"98","Selangor","P.098 Gombak",120548,119975,573,933,48721,85.40000153,1506,141156,20608,1.24929488668414,3.0910695593276,42.297982389524
"99","Selangor","P.099 Ampang",77539,77158,381,608,41956,84.5,989,91762,14223,1.27548717419621,2.35723138526075,33.8997997902565
"100","Selangor","P.100 Pandan",86514,86291,223,517,52543,85.40000153,740,101304,14790,0.855352890861595,1.40837028719335,28.1483737129589
"101","Selangor","P.101 Hulu Langat",89577,89176,401,929,25424,87.5,1330,102373,12796,1.48475613159628,5.23127753303965,50.3303964757709
"102","Selangor","P.102 Bangi",157933,157441,492,1114,68768,88.30000305,1606,178859,20926,1.01688690773936,2.33538855281526,30.4298510935319
"103","Selangor","P.103 Puchong",84357,84145,212,667,47635,87.5,879,96408,12051,1.04200007112628,1.84528183058675,25.2986249606382
"104","Selangor","P.104 Subang",126883,126315,568,610,92353,86.69999695,1178,146347,19464,0.928414365990716,1.27554058882765,21.0756553658246
"105","Selangor","P.105 Petaling Jaya",116597,116247,350,968,57137,82.69999695,1318,140987,24390,1.13038928960436,2.30673644048515,42.686875404729
"106","Selangor","P.106 Damansara",137639,137147,492,867,106903,83.80000305,1359,164247,26608,0.987365499604037,1.27124589581209,24.8898534185196
"107","Selangor","P.107 Sungai Buloh",78874,78637,237,686,26634,87,923,90659,11785,1.17022085858458,3.46549523165878,44.2479537433356
"108","Selangor","P.108 Shah Alam",94241,93907,334,664,33849,87.80000305,998,107335,13094,1.05898706507783,2.94838843097285,38.6835652456498
"109","Selangor","P.109 Kapar",107829,107590,239,1497,16306,86.30000305,1736,124946,17117,1.60995650520732,10.6463878326996,104.973629338894
"110","Selangor","P.110 Klang",128536,128278,258,1204,78773,86.09999847,1462,149286,20750,1.13742453476069,1.85596587663286,26.3415129549465
"111","Selangor","P.111 Kota Raja",129412,129092,320,966,71142,86.80000305,1286,149092,19680,0.993725465953698,1.80765230103174,27.6629838913722
"112","Selangor","P.112 Kuala Langat",89437,89228,209,1131,17112,87.30000305,1340,102447,13010,1.49826134597538,7.83076203833567,76.028517999065
"113","Selangor","P.113 Sepang",92087,91740,347,1083,18705,88.09999847,1430,104525,12438,1.55287934236103,7.64501470195135,66.495589414595
"114","W.P. Kuala Lumpur","P.114 Kepong",61812,61727,85,323,51628,85,408,72720,10908,0.66006600660066,0.790268846362439,21.1280700395134
"115","W.P. Kuala Lumpur","P.115 Batu",63600,63303,297,498,24438,83.30000305,795,76350,12750,1.25,3.2531303707341,52.1728455683771
"116","W.P. Kuala Lumpur","P.116 Wangsa Maju",74509,74133,376,525,24238,84.19999695,901,88490,13981,1.20924988927512,3.71730340787194,57.6821519927387
"117","W.P. Kuala Lumpur","P.117 Segambut",65265,65016,249,289,45702,83.69999695,538,77974,12709,0.824331571286294,1.17719137018074,27.8084110104591
"118","W.P. Kuala Lumpur","P.118 Setiawangsa",61884,61191,339,693,14372,85.80000305,1032,72125,10241,1.66763622261004,7.18062900083496,71.2566100751461
"119","W.P. Kuala Lumpur","P.119 Titiwangsa",50858,50709,149,323,4139,82.59999847,472,61571,10713,0.928074245939675,11.4037207054844,258.830635419183
"120","W.P. Kuala Lumpur","P.120 Bukit Bintang",52765,52662,103,254,37260,75.90000153,357,69519,16754,0.676584857386525,0.958132045088567,44.9651100375738
"121","W.P. Kuala Lumpur","P.121 Lembah Pantai",67059,66843,216,538,5598,83.5,754,80310,13251,1.12438300600963,13.4690961057521,236.709539121115
"122","W.P. Kuala Lumpur","P.122 Seputeh",70583,70423,160,294,56059,81.80000305,454,86287,15704,0.64321437173257,0.809861039262206,28.0133430849641
"123","W.P. Kuala Lumpur","P.123 Cheras",64074,63952,122,275,49665,81.30000305,397,78811,14737,0.619596092018603,0.799355683076613,29.6728078123427
"124","W.P. Kuala Lumpur","P.124 Bandar Tun Razak",71180,70650,530,444,19930,85.09999847,974,83642,12462,1.36836189940995,4.88710486703462,62.5288509784245
"125","W.P. Putrajaya","P.125 Putrajaya",24881,24704,177,146,3372,91.09999847,323,27311,2430,1.29817933362807,9.57888493475682,72.0640569395018
"126","Negeri Sembilan","P.126 Jelebu",39733,39543,190,586,2045,81.90000153,776,48514,8781,1.95303651876274,37.9462102689487,429.388753056235
"127","Negeri Sembilan","P.127 Jempol",58523,58299,224,1025,1631,81.09999847,1249,72161,13638,2.13420364642961,76.5787860208461,836.174126302882
"128","Negeri Sembilan","P.128 Seremban",93254,92870,384,1052,30694,84.59999847,1436,110229,16975,1.53988032684925,4.678438782824,55.3039682022545
"129","Negeri Sembilan","P.129 Kuala Pilah",41156,41006,150,769,200,82.59999847,919,49825,8669,2.23296724657401,459.5,4334.5
"130","Negeri Sembilan","P.130 Rasah",86655,85610,1045,303,46867,84.30000305,1348,102793,16138,1.55559402227223,2.87622420893166,34.4336100027738
"131","Negeri Sembilan","P.131 Rembau",75315,74909,406,1053,4364,85.19999695,1459,88397,13082,1.93719710549027,33.4326306141155,299.770852428964
"132","Negeri Sembilan","P.132 Port Dickson",62548,62282,266,948,17710,83.19999695,1214,75177,12629,1.94090938159494,6.85488424618859,71.3099943534726
"133","Negeri Sembilan","P.133 Tampin",49515,49316,199,850,1002,81.5,1049,60754,11239,2.11854993436332,104.690618762475,1121.65668662675
"134","Melaka","P.134 Masjid Tanah",43093,42961,132,636,8159,83.80000305,768,51423,8330,1.78219200334161,9.41291824978551,102.095845079054
"135","Melaka","P.135 Alor Gajah",59000,58822,178,1007,6980,83.80000305,1185,70405,11405,2.00847457627119,16.9770773638968,163.395415472779
"136","Melaka","P.136 Tangga Batu",70453,70287,166,1145,4659,84.69999695,1311,83179,12726,1.86081501142606,28.1390856406954,273.148744365744
"137","Melaka","P.137 Hang Tuah Jaya",77758,77492,266,909,8640,87,1175,89377,11619,1.51109853648499,13.599537037037,134.479166666667
"138","Melaka","P.138 Kota Melaka",107085,106708,377,1432,49175,84.40000153,1809,126877,19792,1.68931222860345,3.67869852567361,40.2480935434672
"139","Melaka","P.139 Jasin",62912,62673,239,912,219,85.69999695,1151,73409,10497,1.82953967446592,525.570776255708,4793.15068493151
"140","Johor","P.140 Segamat",46170,46046,124,726,5476,83.40000153,850,55359,9189,1.84102230885857,15.5222790357925,167.804967129291
"141","Johor","P.141 Sekijang",38527,38395,132,558,1281,84.5,690,45594,7067,1.79095180003634,53.864168618267,551.67837626854
"142","Johor","P.142 Labis",33146,33068,78,490,3410,82.09999847,568,40372,7226,1.71363060399445,16.6568914956012,211.906158357771
"143","Johor","P.143 Pagoh",43667,43365,302,693,6927,84.80000305,995,51494,7827,2.27860856024,14.3640825754295,112.992637505414
"144","Johor","P.144 Ledang",66708,66462,246,1048,8666,86.09999847,1294,77477,10769,1.93979732565809,14.9319178398338,124.267251327025
"145","Johor","P.145 Bakri",62632,62431,201,631,23211,84.80000305,832,73858,11226,1.32839443096181,3.58450734565508,48.3649993537547
"146","Johor","P.146 Muar",42868,42719,149,636,6953,84.30000305,785,50851,7983,1.83120276196697,11.2900906083705,114.813749460664
"147","Johor","P.147 Parit Sulong",50778,50601,177,832,6341,85.19999695,1009,59598,8820,1.98708101933908,15.9123166692951,139.094780003154
"148","Johor","P.148 Ayer Hitam",39474,39380,94,556,303,85.5,650,46168,6694,1.64665349343872,214.521452145215,2209.24092409241
"149","Johor","P.149 Sri Gading",45193,44917,276,635,3288,86.69999695,911,52125,6932,2.01579890691036,27.7068126520681,210.827250608272
"150","Johor","P.150 Batu Pahat",83574,83234,340,1097,17894,84.80000305,1437,98554,14980,1.71943427381722,8.03062479043255,83.7152118028389
"151","Johor","P.151 Simpang Renggam",36695,36601,94,779,3475,83.40000153,873,43998,7303,2.37907071808148,25.1223021582734,210.158273381295
"152","Johor","P.152 Kluang",81841,81452,389,921,23053,84.40000153,1310,96968,15127,1.60066470351047,5.68255758469614,65.6183576974797
"153","Johor","P.153 Sembrong",36768,36642,126,598,6662,83.30000305,724,44139,7371,1.96910356832028,10.8676073251276,110.6424497148
"154","Johor","P.154 Mersing",38306,38164,142,796,8459,79.5,938,48183,9877,2.44870255312484,11.0887811798085,116.763210781416
"155","Johor","P.155 Tenggara",37818,37698,120,664,5933,84.5,784,44755,6937,2.07308688984082,13.2142255182875,116.922299005562
"156","Johor","P.156 Kota Tinggi",39418,38995,423,802,14621,84.40000153,1225,46703,7285,3.10771728651885,8.37835989330415,49.82559332467
"157","Johor","P.157 Pengerang",33580,32798,782,557,11417,83,1339,40457,6877,3.98749255509232,11.7281247262854,60.2347376718928
"158","Johor","P.158 Tebrau",105420,104217,274,1203,37225,85.69999695,1477,123010,17590,1.40106241699867,3.96776359973136,47.2531900604433
"159","Johor","P.159 Pasir Gudang",106576,106351,225,1342,24726,85.80000305,1567,124214,17638,1.47031226542561,6.33745854566044,71.3338186524306
"160","Johor","P.160 Johor Bahru",81645,81378,267,1056,19782,80.5,1323,101422,19777,1.62042990997612,6.68789808917197,99.9747244970175
"161","Johor","P.161 Pulai",88116,87859,257,966,28924,82.90000153,1223,106291,18175,1.38794316582686,4.22832250034573,62.8370903056285
"162","Johor","P.162 Iskandar Puteri",118779,118575,204,1987,44864,85.90000153,2191,138275,19496,1.84460216031453,4.88364835948645,43.4557774607703
"163","Johor","P.163 Kulai",85687,85519,168,976,32748,86.40000153,1144,99174,13487,1.33509167084855,3.49334310492244,41.1841944546232
"164","Johor","P.164 Pontian",46683,46464,219,738,833,84,957,55575,8892,2.04999678683889,114.885954381753,1067.46698679472
"165","Johor","P.165 Tanjung Piai",45858,45789,69,841,524,85.69999695,910,53509,7651,1.98438658467443,173.664122137405,1460.11450381679
"166","W.P. Labuan","P.166 Labuan",21729,21660,69,302,1450,76.59999847,371,28366,6637,1.70739564637121,25.5862068965517,457.724137931034
"167","Sabah","P.167 Kudat",38205,38034,171,955,1359,73.09999847,1126,52264,14059,2.94725821227588,82.8550404709345,1034.51066961001
"168","Sabah","P.168 Kota Marudu",35231,35085,146,1179,1774,74.90000153,1325,47037,11806,3.76089239590134,74.6899661781285,665.501691093574
"169","Sabah","P.169 Kota Belud",47565,47271,294,1173,4262,82.09999847,1467,57935,10370,3.08420056764428,34.4204598779916,243.31299859221
"170","Sabah","P.170 Tuaran",44834,44601,233,958,7624,82.40000153,1191,54410,9576,2.65646607485391,15.6217208814271,125.603357817419
"171","Sabah","P.171 Sepanggar",49012,48698,314,913,12984,78.5,1227,62435,13423,2.50346853831715,9.45009242144178,103.381084411583
"172","Sabah","P.172 Kota Kinabalu",42973,42873,100,563,24086,76.40000153,663,56247,13274,1.5428292183464,2.75263638628249,55.1108527775471
"173","Sabah","P.173 Putatan",31865,31616,249,826,2339,77.09999847,1075,41329,9464,3.3736074062451,45.9598118854211,404.617357845233
"174","Sabah","P.174 Penampang",43659,43525,134,417,23473,82.19999695,551,53113,9454,1.26205364300602,2.34737783836749,40.2760618583053
"175","Sabah","P.175 Papar",36540,36379,161,543,325,83.80000305,704,43603,7063,1.92665571975917,216.615384615385,2173.23076923077
"176","Sabah","P.176 Kimanis",25519,25413,106,385,156,86.19999695,491,29604,4085,1.92405658528939,314.74358974359,2618.58974358974
"177","Sabah","P.177 Beaufort",28154,28011,143,799,3331,84.40000153,942,33357,5203,3.34588335582866,28.2797958571,156.199339537676
"178","Sabah","P.178 Sipitang",25483,25367,116,596,852,79.90000153,712,31893,6410,2.79401954244006,83.5680751173709,752.347417840376
"179","Sabah","P.179 Ranau",33904,33711,193,769,1076,77.59999847,962,43690,9786,2.83742331288344,89.4052044609665,909.479553903346
"180","Sabah","P.180 Keningau",40913,40671,242,522,45,79.90000153,764,51205,10292,1.86737711729768,1697.77777777778,22871.1111111111
"181","Sabah","P.181 Tenom",23027,22899,128,661,1133,78.90000153,789,29185,6158,3.42641247231511,69.6381288614298,543.51279788173
"182","Sabah","P.182 Pensiangan",24955,24896,59,528,2314,79.5,587,31389,6434,2.35223402123823,25.3673292999136,278.046672428695
"183","Sabah","P.183 Beluran",21606,21530,76,832,7115,75.80000305,908,28503,6897,4.20253633250023,12.7617709065355,96.9360505973296
"184","Sabah","P.184 Libaran",37248,37091,157,948,678,77.69999695,1105,47938,10690,2.96660223367698,162.979351032448,1576.69616519174
"185","Sabah","P.185 Batu Sapi",24029,23916,113,655,4619,73.80000305,768,32559,8530,3.19613799991677,16.6269755358303,184.672006927906
"186","Sabah","P.186 Sandakan",28668,28592,76,502,10098,72.09999847,578,39761,11093,2.01618529370727,5.72390572390572,109.853436324025
"187","Sabah","P.187 Kinabatangan",22257,22179,78,661,9478,77.5,739,28718,6461,3.32030372467089,7.79700358725469,68.1683899556869
"188","Sabah","P.188 Lahad Datu",44294,44119,175,1079,6401,72.69999695,1254,60927,16633,2.83108321668849,19.5906889548508,259.850023433838
"189","Sabah","P.189 Semporna",34613,34408,205,982,20674,71.69999695,1187,48274,13661,3.42934735504001,5.74151107671471,66.0781658121312
"190","Sabah","P.190 Tawau",43861,43734,127,981,4727,73.19999695,1108,59919,16058,2.52616219420442,23.4398138354136,339.708060080389
"191","Sabah","P.191 Kalabakan",38041,37749,292,840,3187,72.90000153,1132,52182,14141,2.97573670513393,35.5192971446501,443.708817069344
"192","Sarawak","P.192 Mas Gading",22822,22754,68,236,3024,77.09999847,304,29600,6778,1.33204802383665,10.0529100529101,224.140211640212
"193","Sarawak","P.193 Santubong",33868,33713,155,440,19485,74.19999695,595,45644,11776,1.75682059761427,3.05363099820375,60.4362329997434
"194","Sarawak","P.194 Petra Jaya",43513,43299,214,354,15017,75.09999847,568,57940,14427,1.30535701974123,3.78237996936805,96.0711193980156
"195","Sarawak","P.195 Bandar Kuching",61483,61364,119,241,35973,75.09999847,360,81868,20385,0.585527706845795,1.00075056292219,56.6675006254691
"196","Sarawak","P.196 Stampin",52550,52307,243,408,14221,79.30000305,651,66267,13717,1.23882017126546,4.57773714928627,96.4559454328106
"197","Sarawak","P.197 Kota Samarahan",36551,36298,253,431,16992,78.90000153,684,46325,9774,1.87135782878717,4.02542372881356,57.521186440678
"198","Sarawak","P.198 Puncak Borneo",35142,35034,108,514,4005,76.09999847,622,46178,11036,1.76996186898867,15.5305867665418,275.555555555556
"199","Sarawak","P.199 Serian",27880,27804,76,385,9905,74.09999847,461,37624,9744,1.65351506456241,4.65421504290762,98.3745583038869
"200","Sarawak","P.200 Batang Sadong",17349,17286,63,220,12328,74.69999695,283,23224,5875,1.63121793763329,2.29558728098637,47.6557430240104
"201","Sarawak","P.201 Batang Lupar",20603,20554,49,403,10277,69.09999847,452,29816,9213,2.19385526379653,4.39817067237521,89.6467840809575
"202","Sarawak","P.202 Sri Aman",23379,23295,84,295,5820,70.80000305,379,33021,9642,1.62111296462637,6.51202749140894,165.670103092784
"203","Sarawak","P.203 Lubok Antu",14785,14750,35,199,1059,71.09999847,234,20794,6009,1.58268515387217,22.0963172804533,567.42209631728
"204","Sarawak","P.204 Betong",21165,21003,162,283,8116,72.59999847,445,29152,7987,2.10252775809119,5.48299655002464,98.410547067521
"205","Sarawak","P.205 Saratok",23084,22964,120,257,989,75.59999847,377,30534,7450,1.63316582914573,38.1193124368049,753.286147623862
"206","Sarawak","P.206 Tanjong Manis",14425,14344,81,214,8674,65.90000153,295,21889,7464,2.04506065857886,3.40096841134425,86.050265160249
"207","Sarawak","P.207 Igan",12996,12898,98,317,8495,66.30000305,415,19601,6605,3.19329024315174,4.88522660388464,77.751618599176
"208","Sarawak","P.208 Sarikei",30895,30816,79,340,2570,78.09999847,419,39558,8663,1.3562065059071,16.3035019455253,337.081712062257
"209","Sarawak","P.209 Julau",18569,18520,49,241,1931,73.19999695,290,25367,6798,1.56174268942862,15.0181253236665,352.045572242361
"210","Sarawak","P.210 Kanowit",15149,15087,62,295,4312,72.09999847,357,21011,5862,2.35659119413823,8.27922077922078,135.946196660482
"211","Sarawak","P.211 Lanang",46419,46257,162,365,14546,74.90000153,527,61974,15555,1.13531097180034,3.62298913790733,106.936614876942
"212","Sarawak","P.212 Sibu",57689,57268,421,515,11422,77.80000305,936,74150,16461,1.62249302293331,8.19471195937664,144.116617054807
"213","Sarawak","P.213 Mukah",21205,21085,120,379,7000,69.30000305,499,30598,9393,2.35321858052346,7.12857142857143,134.185714285714
"214","Sarawak","P.214 Selangau",22352,22304,48,334,486,74.40000153,382,30043,7691,1.70901932712956,78.6008230452675,1582.51028806584
"215","Sarawak","P.215 Kapit",18485,18403,82,278,10479,60.29999924,360,30655,12170,1.94752502028672,3.43544231319782,116.137035976715
"216","Sarawak","P.216 Hulu Rajang",17727,17659,68,306,6315,64.40000153,374,27526,9799,2.10977604783663,5.92240696753761,155.170229612035
"217","Sarawak","P.217 Bintulu",48036,47981,55,523,7022,73.80000305,578,65089,17053,1.20326421850279,8.23127314155511,242.85103958986
"218","Sarawak","P.218 Sibuti",22697,22653,44,284,3676,71.19999695,328,31877,9180,1.44512490637529,8.92274211099021,249.727965179543
"219","Sarawak","P.219 Miri",58439,58328,111,513,13663,72.69999695,624,80383,21944,1.06778007837232,4.56707897240723,160.608943862988
"220","Sarawak","P.220 Baram",22806,22751,55,399,1990,63.90000153,454,35690,12884,1.99070420064895,22.8140703517588,647.437185929648
"221","Sarawak","P.221 Limbang",17802,17669,133,201,7710,67.40000153,334,26412,8610,1.87619368610269,4.33203631647211,111.673151750973
"222","Sarawak","P.222 Lawas",14550,14407,143,157,6000,68.30000305,300,21303,6753,2.06185567010309,5,112.55
